<<<<<<< Updated upstream
36,3
36,2
0,9
36,1
36,0
35,36
35,35
3,2
10,229
10,267
10,197
10,227
10,77
10,239
10,277
10,135
10,2
10,3
11,17
11,8
9,2
9,3
8,9
8,4
8,5
8,2
8,3
=======
33,36
33,35
3,1
3,3
10,288
10,66
10,252
10,306
10,4
10,162
10,184
10,302
11,5
9,7
8,4
8,10
>>>>>>> Stashed changes
28,3
28,2
28,1
28,0
27,3
27,2
27,1
27,0
26,4
26,3
26,2
26,1
26,0
25,4
25,3
25,2
25,1
25,0
24,3
24,2
24,1
24,0
20,3
20,2
20,1
19,3
19,2
19,1
12,3
12,2
12,1
11,30
11,29
11,28
11,27
11,26
11,25
11,24
11,23
11,22
11,21
11,18
11,16
11,15
11,14
11,13
11,11
11,10
11,9
11,6
11,4
<<<<<<< Updated upstream
=======
11,3
11,2
11,1
10,298
10,284
10,278
18,1
>>>>>>> Stashed changes
